E (MeV)      f(E) (/MeV)   
1.0000E-03   1.1420E+02
2.0000E-03   1.0677E+02
3.0000E-03   9.9826E+01
4.0000E-03   9.3332E+01
5.0000E-03   8.7259E+01
6.0000E-03   8.1582E+01
7.0000E-03   7.6275E+01
8.0000E-03   7.1312E+01
9.0000E-03   6.6673E+01
1.0000E-02   6.2335E+01
1.1000E-02   5.8279E+01
1.2000E-02   5.4488E+01
1.3000E-02   5.0943E+01
1.4000E-02   4.7628E+01
1.5000E-02   4.4530E+01
1.6000E-02   4.1633E+01
1.7000E-02   3.8924E+01
1.8000E-02   3.6392E+01
1.9000E-02   3.4024E+01
2.0000E-02   3.1810E+01
2.1000E-02   2.9741E+01
2.2000E-02   2.7806E+01
2.3000E-02   2.5997E+01
2.4000E-02   2.4305E+01
2.5000E-02   2.2724E+01
2.6000E-02   2.1246E+01
2.7000E-02   1.9863E+01
2.8000E-02   1.8571E+01
2.9000E-02   1.7363E+01
3.0000E-02   1.6233E+01
3.1000E-02   1.5177E+01
3.2000E-02   1.4190E+01
3.3000E-02   1.3266E+01
3.4000E-02   1.2403E+01
3.5000E-02   1.1596E+01
3.6000E-02   1.0842E+01
3.7000E-02   1.0137E+01
3.8000E-02   9.4771E+00
3.9000E-02   8.8605E+00
4.0000E-02   8.2840E+00
4.1000E-02   7.7451E+00
4.2000E-02   7.2412E+00
4.3000E-02   6.7701E+00
4.4000E-02   6.3296E+00
4.5000E-02   5.9178E+00
4.6000E-02   5.5328E+00
4.7000E-02   5.1728E+00
4.8000E-02   4.8363E+00
4.9000E-02   4.5216E+00
5.0000E-02   4.2275E+00
5.1000E-02   3.9524E+00
5.2000E-02   3.6953E+00
5.3000E-02   3.4549E+00
5.4000E-02   3.2301E+00
5.5000E-02   3.0199E+00
5.6000E-02   2.8428E+00
5.7000E-02   2.7244E+00
5.8000E-02   2.6128E+00
5.9000E-02   2.5076E+00
6.0000E-02   2.4082E+00
6.1000E-02   2.3144E+00
6.2000E-02   2.2256E+00
6.3000E-02   2.1416E+00
6.4000E-02   2.0620E+00
6.5000E-02   1.9866E+00
6.6000E-02   1.9150E+00
6.7000E-02   1.8470E+00
6.8000E-02   1.7823E+00
6.9000E-02   1.7208E+00
7.0000E-02   1.6623E+00
7.1000E-02   1.6066E+00
7.2000E-02   1.5534E+00
7.3000E-02   1.5027E+00
7.4000E-02   1.4544E+00
7.5000E-02   1.4082E+00
7.6000E-02   1.3640E+00
7.7000E-02   1.3218E+00
7.8000E-02   1.2814E+00
7.9000E-02   1.2428E+00
8.0000E-02   1.2058E+00
8.1000E-02   1.1703E+00
8.2000E-02   1.1362E+00
8.3000E-02   1.1036E+00
8.4000E-02   1.0723E+00
8.5000E-02   1.0422E+00
8.6000E-02   1.0133E+00
8.7000E-02   9.8550E-01
8.8000E-02   9.5879E-01
8.9000E-02   9.3308E-01
9.0000E-02   9.0835E-01
9.1000E-02   8.8453E-01
9.2000E-02   8.6159E-01
9.3000E-02   8.3948E-01
9.4000E-02   8.1816E-01
9.5000E-02   7.9760E-01
9.6000E-02   7.7777E-01
9.7000E-02   7.5863E-01
9.8000E-02   7.4015E-01
9.9000E-02   7.2230E-01
1.0000E-01   7.0505E-01
1.0100E-01   6.8838E-01
1.0200E-01   6.7226E-01
1.0300E-01   6.5667E-01
1.0400E-01   6.4159E-01
1.0500E-01   6.2700E-01
1.0600E-01   6.1287E-01
1.0700E-01   5.9918E-01
1.0800E-01   5.8593E-01
1.0900E-01   5.7309E-01
1.1000E-01   5.6064E-01
1.1100E-01   5.4857E-01
1.1200E-01   5.3686E-01
1.1300E-01   5.2551E-01
1.1400E-01   5.1449E-01
1.1500E-01   5.0380E-01
1.1600E-01   4.9342E-01
1.1700E-01   4.8334E-01
1.1800E-01   4.7355E-01
1.1900E-01   4.6404E-01
1.2000E-01   4.5479E-01
1.2100E-01   4.4580E-01
1.2200E-01   4.3707E-01
1.2300E-01   4.2857E-01
1.2400E-01   4.2031E-01
1.2500E-01   4.1227E-01
1.2600E-01   4.0444E-01
1.2700E-01   3.9683E-01
1.2800E-01   3.8941E-01
1.2900E-01   3.8219E-01
1.3000E-01   3.7516E-01
1.3100E-01   3.6831E-01
1.3200E-01   3.6164E-01
1.3300E-01   3.5513E-01
1.3400E-01   3.4879E-01
1.3500E-01   3.4261E-01
1.3600E-01   3.3659E-01
1.3700E-01   3.3071E-01
1.3800E-01   3.2498E-01
1.3900E-01   3.1938E-01
1.4000E-01   3.1392E-01
1.4100E-01   3.0860E-01
1.4200E-01   3.0340E-01
1.4300E-01   2.9832E-01
1.4400E-01   2.9336E-01
1.4500E-01   2.8852E-01
1.4600E-01   2.8324E-01
1.4700E-01   2.8022E-01
1.4800E-01   2.7723E-01
1.4900E-01   2.7427E-01
1.5000E-01   2.7135E-01
1.5100E-01   2.6846E-01
1.5200E-01   2.6560E-01
1.5300E-01   2.6276E-01
1.5400E-01   2.5996E-01
1.5500E-01   2.5719E-01
1.5600E-01   2.5445E-01
1.5700E-01   2.5174E-01
1.5800E-01   2.4905E-01
1.5900E-01   2.4640E-01
1.6000E-01   2.4377E-01
1.6100E-01   2.4117E-01
1.6200E-01   2.3860E-01
1.6300E-01   2.3605E-01
1.6400E-01   2.3354E-01
1.6500E-01   2.3105E-01
1.6600E-01   2.2858E-01
1.6700E-01   2.2615E-01
1.6800E-01   2.2374E-01
1.6900E-01   2.2135E-01
1.7000E-01   2.1899E-01
1.7100E-01   2.1666E-01
1.7200E-01   2.1435E-01
1.7300E-01   2.1206E-01
1.7400E-01   2.0980E-01
1.7500E-01   2.0756E-01
1.7600E-01   2.0535E-01
1.7700E-01   2.0316E-01
1.7800E-01   2.0099E-01
1.7900E-01   1.9885E-01
1.8000E-01   1.9673E-01
1.8100E-01   1.9463E-01
1.8200E-01   1.9256E-01
1.8300E-01   1.9051E-01
1.8400E-01   1.8848E-01
1.8500E-01   1.8647E-01
1.8600E-01   1.8448E-01
1.8700E-01   1.8251E-01
1.8800E-01   1.8056E-01
1.8900E-01   1.7864E-01
1.9000E-01   1.7674E-01
1.9100E-01   1.7485E-01
1.9200E-01   1.7299E-01
1.9300E-01   1.7114E-01
1.9400E-01   1.6932E-01
1.9500E-01   1.6751E-01
1.9600E-01   1.6573E-01
1.9700E-01   1.6396E-01
1.9800E-01   1.6221E-01
1.9900E-01   1.6048E-01
2.0000E-01   1.5877E-01
2.0100E-01   1.5708E-01
2.0200E-01   1.5540E-01
2.0300E-01   1.5375E-01
2.0400E-01   1.5211E-01
2.0500E-01   1.5049E-01
2.0600E-01   1.4888E-01
2.0700E-01   1.4729E-01
2.0800E-01   1.4572E-01
2.0900E-01   1.4417E-01
2.1000E-01   1.4263E-01
2.1100E-01   1.4111E-01
2.1200E-01   1.3961E-01
2.1300E-01   1.3812E-01
2.1400E-01   1.3665E-01
2.1500E-01   1.3519E-01
2.1600E-01   1.3375E-01
2.1700E-01   1.3232E-01
2.1800E-01   1.3091E-01
2.1900E-01   1.2952E-01
2.2000E-01   1.2813E-01
2.2100E-01   1.2677E-01
2.2200E-01   1.2542E-01
2.2300E-01   1.2408E-01
2.2400E-01   1.2276E-01
2.2500E-01   1.2145E-01
2.2600E-01   1.2015E-01
2.2700E-01   1.1887E-01
2.2800E-01   1.1760E-01
2.2900E-01   1.1635E-01
2.3000E-01   1.1511E-01
2.3100E-01   1.1388E-01
2.3200E-01   1.1267E-01
2.3300E-01   1.1147E-01
2.3400E-01   1.1028E-01
2.3500E-01   1.0910E-01
2.3600E-01   1.0794E-01
2.3700E-01   1.0679E-01
2.3800E-01   1.0565E-01
2.3900E-01   1.0452E-01
2.4000E-01   1.0341E-01
2.4100E-01   1.0231E-01
2.4200E-01   1.0122E-01
2.4300E-01   1.0014E-01
2.4400E-01   9.9070E-02
2.4500E-01   9.8014E-02
2.4600E-01   9.6969E-02
2.4700E-01   9.5935E-02
2.4800E-01   9.4912E-02
2.4900E-01   9.3900E-02
2.5000E-01   9.2899E-02
2.5100E-01   9.1908E-02
2.5200E-01   9.0929E-02
2.5300E-01   8.9959E-02
2.5400E-01   8.9000E-02
2.5500E-01   8.8051E-02
2.5600E-01   8.7112E-02
2.5700E-01   8.6183E-02
2.5800E-01   8.5265E-02
2.5900E-01   8.4356E-02
2.6000E-01   8.3456E-02
2.6100E-01   8.2566E-02
2.6200E-01   8.1686E-02
2.6300E-01   8.0815E-02
2.6400E-01   7.9954E-02
2.6500E-01   7.9101E-02
2.6600E-01   7.8258E-02
2.6700E-01   7.7423E-02
2.6800E-01   7.6598E-02
2.6900E-01   7.5781E-02
2.7000E-01   7.4973E-02
2.7100E-01   7.4174E-02
2.7200E-01   7.3383E-02
2.7300E-01   7.2601E-02
2.7400E-01   7.1827E-02
2.7500E-01   7.1061E-02
2.7600E-01   7.0303E-02
2.7700E-01   6.9554E-02
2.7800E-01   6.8812E-02
2.7900E-01   6.8078E-02
2.8000E-01   6.7353E-02
2.8100E-01   6.6635E-02
2.8200E-01   6.5924E-02
2.8300E-01   6.5221E-02
2.8400E-01   6.4526E-02
2.8500E-01   6.3838E-02
2.8600E-01   6.3157E-02
2.8700E-01   6.2484E-02
2.8800E-01   6.1818E-02
2.8900E-01   6.1159E-02
2.9000E-01   6.0507E-02
2.9100E-01   5.9861E-02
2.9200E-01   5.9223E-02
2.9300E-01   5.8592E-02
2.9400E-01   5.7967E-02
2.9500E-01   5.7349E-02
2.9600E-01   5.6738E-02
2.9700E-01   5.6133E-02
2.9800E-01   5.5534E-02
2.9900E-01   5.4942E-02
3.0000E-01   5.4356E-02
3.0100E-01   5.3777E-02
3.0200E-01   5.3203E-02
3.0300E-01   5.2636E-02
3.0400E-01   5.2075E-02
3.0500E-01   5.1520E-02
3.0600E-01   5.0971E-02
3.0700E-01   5.0427E-02
3.0800E-01   4.9889E-02
3.0900E-01   4.9358E-02
3.1000E-01   4.8831E-02
3.1100E-01   4.8311E-02
3.1200E-01   4.7796E-02
3.1300E-01   4.7286E-02
3.1400E-01   4.6782E-02
3.1500E-01   4.6283E-02
3.1600E-01   4.5790E-02
3.1700E-01   4.5301E-02
3.1800E-01   4.4818E-02
3.1900E-01   4.4341E-02
3.2000E-01   4.3868E-02
3.2100E-01   4.3400E-02
3.2200E-01   4.2937E-02
3.2300E-01   4.2480E-02
3.2400E-01   4.2027E-02
3.2500E-01   4.1579E-02
3.2600E-01   4.1135E-02
3.2700E-01   4.0697E-02
3.2800E-01   4.0263E-02
3.2900E-01   3.9834E-02
3.3000E-01   3.9409E-02
3.3100E-01   3.8989E-02
3.3200E-01   3.8573E-02
3.3300E-01   3.8162E-02
3.3400E-01   3.7755E-02
3.3500E-01   3.7352E-02
3.3600E-01   3.6954E-02
3.3700E-01   3.6560E-02
3.3800E-01   3.6170E-02
3.3900E-01   3.5785E-02
3.4000E-01   3.5403E-02
3.4100E-01   3.5026E-02
3.4200E-01   3.4652E-02
3.4300E-01   3.4283E-02
3.4400E-01   3.3917E-02
3.4500E-01   3.3556E-02
3.4600E-01   3.3198E-02
3.4700E-01   3.2844E-02
3.4800E-01   3.2494E-02
3.4900E-01   3.2147E-02
3.5000E-01   3.1805E-02
3.5100E-01   3.1466E-02
3.5200E-01   3.1130E-02
3.5300E-01   3.0798E-02
3.5400E-01   3.0470E-02
3.5500E-01   3.0145E-02
3.5600E-01   2.9824E-02
3.5700E-01   2.9506E-02
3.5800E-01   2.9191E-02
3.5900E-01   2.8880E-02
3.6000E-01   2.8572E-02
3.6100E-01   2.8267E-02
3.6200E-01   2.7966E-02
3.6300E-01   2.7668E-02
3.6400E-01   2.7373E-02
3.6500E-01   2.7081E-02
3.6600E-01   2.6792E-02
3.6700E-01   2.6506E-02
3.6800E-01   2.6224E-02
3.6900E-01   2.5944E-02
3.7000E-01   2.5668E-02
3.7100E-01   2.5394E-02
3.7200E-01   2.5123E-02
3.7300E-01   2.4855E-02
3.7400E-01   2.4590E-02
3.7500E-01   2.4328E-02
3.7600E-01   2.4069E-02
3.7700E-01   2.3812E-02
3.7800E-01   2.3558E-02
3.7900E-01   2.3307E-02
3.8000E-01   2.3059E-02
3.8100E-01   2.2813E-02
3.8200E-01   2.2570E-02
3.8300E-01   2.2329E-02
3.8400E-01   2.2091E-02
3.8500E-01   2.1855E-02
3.8600E-01   2.1622E-02
3.8700E-01   2.1392E-02
3.8800E-01   2.1164E-02
3.8900E-01   2.0938E-02
3.9000E-01   2.0715E-02
3.9100E-01   2.0494E-02
3.9200E-01   2.0276E-02
3.9300E-01   2.0059E-02
3.9400E-01   1.9845E-02
3.9500E-01   1.9634E-02
3.9600E-01   1.9425E-02
3.9700E-01   1.9217E-02
3.9800E-01   1.9013E-02
3.9900E-01   1.8810E-02
4.0000E-01   1.8609E-02
4.0100E-01   1.8411E-02
4.0200E-01   1.8215E-02
4.0300E-01   1.8020E-02
4.0400E-01   1.7828E-02
4.0500E-01   1.7638E-02
4.0600E-01   1.7450E-02
4.0700E-01   1.7264E-02
4.0800E-01   1.7080E-02
4.0900E-01   1.6898E-02
4.1000E-01   1.6718E-02
4.1100E-01   1.6540E-02
4.1200E-01   1.6363E-02
4.1300E-01   1.6189E-02
4.1400E-01   1.6016E-02
4.1500E-01   1.5845E-02
4.1600E-01   1.5676E-02
4.1700E-01   1.5509E-02
4.1800E-01   1.5344E-02
4.1900E-01   1.5180E-02
4.2000E-01   1.5018E-02
4.2100E-01   1.4858E-02
4.2200E-01   1.4700E-02
4.2300E-01   1.4543E-02
4.2400E-01   1.4388E-02
4.2500E-01   1.4235E-02
4.2600E-01   1.4083E-02
4.2700E-01   1.3933E-02
4.2800E-01   1.3784E-02
4.2900E-01   1.3637E-02
4.3000E-01   1.3492E-02
4.3100E-01   1.3348E-02
4.3200E-01   1.3206E-02
4.3300E-01   1.3065E-02
4.3400E-01   1.2926E-02
4.3500E-01   1.2788E-02
4.3600E-01   1.2652E-02
4.3700E-01   1.2517E-02
4.3800E-01   1.2383E-02
4.3900E-01   1.2251E-02
4.4000E-01   1.2121E-02
4.4100E-01   1.1991E-02
4.4200E-01   1.1863E-02
4.4300E-01   1.1737E-02
4.4400E-01   1.1612E-02
4.4500E-01   1.1488E-02
4.4600E-01   1.1366E-02
4.4700E-01   1.1244E-02
4.4800E-01   1.1124E-02
4.4900E-01   1.1006E-02
4.5000E-01   1.0889E-02
4.5100E-01   1.0772E-02
4.5200E-01   1.0658E-02
4.5300E-01   1.0544E-02
4.5400E-01   1.0432E-02
4.5500E-01   1.0320E-02
4.5600E-01   1.0210E-02
4.5700E-01   1.0101E-02
4.5800E-01   9.9937E-03
4.5900E-01   9.8872E-03
4.6000E-01   9.7818E-03
4.6100E-01   9.6775E-03
4.6200E-01   9.5743E-03
4.6300E-01   9.4722E-03
4.6400E-01   9.3712E-03
4.6500E-01   9.2713E-03
4.6600E-01   9.1725E-03
4.6700E-01   9.0747E-03
4.6800E-01   8.9779E-03
4.6900E-01   8.8822E-03
4.7000E-01   8.7875E-03
4.7100E-01   8.6938E-03
4.7200E-01   8.6011E-03
4.7300E-01   8.5094E-03
4.7400E-01   8.4187E-03
4.7500E-01   8.3289E-03
4.7600E-01   8.2401E-03
4.7700E-01   8.1523E-03
4.7800E-01   8.0654E-03
4.7900E-01   7.9794E-03
4.8000E-01   7.8943E-03
4.8100E-01   7.8101E-03
4.8200E-01   7.7269E-03
4.8300E-01   7.6445E-03
4.8400E-01   7.5630E-03
4.8500E-01   7.4823E-03
4.8600E-01   7.4026E-03
4.8700E-01   7.3236E-03
4.8800E-01   7.2456E-03
4.8900E-01   7.1683E-03
4.9000E-01   7.0919E-03
4.9100E-01   7.0163E-03
4.9200E-01   6.9415E-03
4.9300E-01   6.8675E-03
4.9400E-01   6.7942E-03
4.9500E-01   6.7218E-03
4.9600E-01   6.6501E-03
4.9700E-01   6.5792E-03
4.9800E-01   6.5091E-03
4.9900E-01   6.4397E-03
5.0000E-01   6.3710E-03
5.0100E-01   6.3031E-03
5.0200E-01   6.2359E-03
5.0300E-01   6.1694E-03
5.0400E-01   6.1036E-03
5.0500E-01   6.0386E-03
5.0600E-01   5.9742E-03
5.0700E-01   5.9105E-03
5.0800E-01   5.8475E-03
5.0900E-01   5.7851E-03
5.1000E-01   5.7234E-03
5.1100E-01   5.6624E-03
5.1200E-01   5.6021E-03
5.1300E-01   5.5423E-03
5.1400E-01   5.4832E-03
5.1500E-01   5.4248E-03
5.1600E-01   5.3669E-03
5.1700E-01   5.3097E-03
5.1800E-01   5.2531E-03
5.1900E-01   5.1971E-03
5.2000E-01   5.1417E-03
5.2100E-01   5.0869E-03
5.2200E-01   5.0326E-03
5.2300E-01   4.9790E-03
5.2400E-01   4.9259E-03
5.2500E-01   4.8734E-03
5.2600E-01   4.8214E-03
5.2700E-01   4.7700E-03
5.2800E-01   4.7192E-03
5.2900E-01   4.6688E-03
5.3000E-01   4.6191E-03
5.3100E-01   4.5698E-03
5.3200E-01   4.5211E-03
5.3300E-01   4.4729E-03
5.3400E-01   4.4252E-03
5.3500E-01   4.3780E-03
5.3600E-01   4.3313E-03
5.3700E-01   4.2852E-03
5.3800E-01   4.2395E-03
5.3900E-01   4.1943E-03
5.4000E-01   4.1496E-03
5.4100E-01   4.1053E-03
5.4200E-01   4.0615E-03
5.4300E-01   4.0182E-03
5.4400E-01   3.9754E-03
5.4500E-01   3.9330E-03
5.4600E-01   3.8911E-03
5.4700E-01   3.8496E-03
5.4800E-01   3.8086E-03
5.4900E-01   3.7679E-03
5.5000E-01   3.7278E-03
5.5100E-01   3.6880E-03
5.5200E-01   3.6487E-03
5.5300E-01   3.6098E-03
5.5400E-01   3.5713E-03
5.5500E-01   3.5332E-03
5.5600E-01   3.4956E-03
5.5700E-01   3.4583E-03
5.5800E-01   3.4214E-03
5.5900E-01   3.3850E-03
5.6000E-01   3.3489E-03
5.6100E-01   3.3132E-03
5.6200E-01   3.2778E-03
5.6300E-01   3.2429E-03
5.6400E-01   3.2083E-03
5.6500E-01   3.1741E-03
5.6600E-01   3.1403E-03
5.6700E-01   3.1068E-03
5.6800E-01   3.0737E-03
5.6900E-01   3.0409E-03
5.7000E-01   3.0085E-03
5.7100E-01   2.9764E-03
5.7200E-01   2.9447E-03
5.7300E-01   2.9133E-03
5.7400E-01   2.8822E-03
5.7500E-01   2.8515E-03
5.7600E-01   2.8211E-03
5.7700E-01   2.7910E-03
5.7800E-01   2.7612E-03
5.7900E-01   2.7318E-03
5.8000E-01   2.7027E-03
5.8100E-01   2.6739E-03
5.8200E-01   2.6454E-03
5.8300E-01   2.6171E-03
5.8400E-01   2.5892E-03
5.8500E-01   2.5616E-03
5.8600E-01   2.5343E-03
5.8700E-01   2.5073E-03
5.8800E-01   2.4806E-03
5.8900E-01   2.4541E-03
5.9000E-01   2.4280E-03
5.9100E-01   2.4021E-03
5.9200E-01   2.3765E-03
5.9300E-01   2.3511E-03
5.9400E-01   2.3261E-03
5.9500E-01   2.3013E-03
5.9600E-01   2.2767E-03
5.9700E-01   2.2524E-03
5.9800E-01   2.2284E-03
5.9900E-01   2.2047E-03
6.0000E-01   2.1812E-03
6.0100E-01   2.1579E-03
6.0200E-01   2.1349E-03
6.0300E-01   2.1121E-03
6.0400E-01   2.0896E-03
6.0500E-01   2.0673E-03
6.0600E-01   2.0453E-03
6.0700E-01   2.0235E-03
6.0800E-01   2.0019E-03
6.0900E-01   1.9806E-03
6.1000E-01   1.9595E-03
6.1100E-01   1.9386E-03
6.1200E-01   1.9179E-03
6.1300E-01   1.8975E-03
6.1400E-01   1.8772E-03
6.1500E-01   1.8572E-03
6.1600E-01   1.8374E-03
6.1700E-01   1.8178E-03
6.1800E-01   1.7984E-03
6.1900E-01   1.7793E-03
6.2000E-01   1.7603E-03
6.2100E-01   1.7415E-03
6.2200E-01   1.7230E-03
6.2300E-01   1.7046E-03
6.2400E-01   1.6864E-03
6.2500E-01   1.6684E-03
6.2600E-01   1.6506E-03
6.2700E-01   1.6330E-03
6.2800E-01   1.6156E-03
6.2900E-01   1.5984E-03
6.3000E-01   1.5814E-03
6.3100E-01   1.5645E-03
6.3200E-01   1.5478E-03
6.3300E-01   1.5313E-03
6.3400E-01   1.5150E-03
6.3500E-01   1.4988E-03
6.3600E-01   1.4829E-03
6.3700E-01   1.4671E-03
6.3800E-01   1.4514E-03
6.3900E-01   1.4359E-03
6.4000E-01   1.4206E-03
6.4100E-01   1.4055E-03
6.4200E-01   1.3905E-03
6.4300E-01   1.3757E-03
6.4400E-01   1.3610E-03
6.4500E-01   1.3465E-03
6.4600E-01   1.3321E-03
6.4700E-01   1.3179E-03
6.4800E-01   1.3039E-03
6.4900E-01   1.2900E-03
6.5000E-01   1.2762E-03
6.5100E-01   1.2626E-03
6.5200E-01   1.2492E-03
6.5300E-01   1.2358E-03
6.5400E-01   1.2227E-03
6.5500E-01   1.2096E-03
6.5600E-01   1.1967E-03
6.5700E-01   1.1840E-03
6.5800E-01   1.1714E-03
6.5900E-01   1.1589E-03
6.6000E-01   1.1465E-03
6.6100E-01   1.1343E-03
6.6200E-01   1.1222E-03
6.6300E-01   1.1102E-03
6.6400E-01   1.0984E-03
6.6500E-01   1.0867E-03
6.6600E-01   1.0751E-03
6.6700E-01   1.0636E-03
6.6800E-01   1.0523E-03
6.6900E-01   1.0411E-03
6.7000E-01   1.0300E-03
6.7100E-01   1.0190E-03
6.7200E-01   1.0081E-03
6.7300E-01   9.9738E-04
6.7400E-01   9.8674E-04
6.7500E-01   9.7622E-04
6.7600E-01   9.6582E-04
6.7700E-01   9.5552E-04
6.7800E-01   9.4533E-04
6.7900E-01   9.3525E-04
6.8000E-01   9.2528E-04
6.8100E-01   9.1542E-04
6.8200E-01   9.0566E-04
6.8300E-01   8.9600E-04
6.8400E-01   8.8645E-04
6.8500E-01   8.7700E-04
6.8600E-01   8.6765E-04
6.8700E-01   8.5839E-04
6.8800E-01   8.4924E-04
6.8900E-01   8.4019E-04
6.9000E-01   8.3123E-04
6.9100E-01   8.2237E-04
6.9200E-01   8.1360E-04
6.9300E-01   8.0493E-04
6.9400E-01   7.9634E-04
6.9500E-01   7.8785E-04
6.9600E-01   7.7945E-04
6.9700E-01   7.7114E-04
6.9800E-01   7.6292E-04
6.9900E-01   7.5479E-04
7.0000E-01   7.4674E-04
7.0100E-01   7.3878E-04
7.0200E-01   7.3090E-04
7.0300E-01   7.2311E-04
7.0400E-01   7.1540E-04
7.0500E-01   7.0777E-04
7.0600E-01   7.0023E-04
7.0700E-01   6.9276E-04
7.0800E-01   6.8537E-04
7.0900E-01   6.7807E-04
7.1000E-01   6.7084E-04
7.1100E-01   6.6369E-04
7.1200E-01   6.5661E-04
7.1300E-01   6.4961E-04
7.1400E-01   6.4268E-04
7.1500E-01   6.3583E-04
7.1600E-01   6.2905E-04
7.1700E-01   6.2234E-04
7.1800E-01   6.1571E-04
7.1900E-01   6.0914E-04
7.2000E-01   6.0265E-04
7.2100E-01   5.9622E-04
7.2200E-01   5.8987E-04
7.2300E-01   5.8358E-04
7.2400E-01   5.7736E-04
7.2500E-01   5.7120E-04
7.2600E-01   5.6511E-04
7.2700E-01   5.5909E-04
7.2800E-01   5.5313E-04
7.2900E-01   5.4723E-04
7.3000E-01   5.4139E-04
7.3100E-01   5.3562E-04
7.3200E-01   5.2991E-04
7.3300E-01   5.2426E-04
7.3400E-01   5.1867E-04
7.3500E-01   5.1314E-04
7.3600E-01   5.0767E-04
7.3700E-01   5.0226E-04
7.3800E-01   4.9690E-04
7.3900E-01   4.9161E-04
7.4000E-01   4.8636E-04
7.4100E-01   4.8118E-04
7.4200E-01   4.7605E-04
7.4300E-01   4.7097E-04
7.4400E-01   4.6595E-04
7.4500E-01   4.6098E-04
7.4600E-01   4.5607E-04
7.4700E-01   4.5121E-04
7.4800E-01   4.4640E-04
7.4900E-01   4.4164E-04
7.5000E-01   4.3693E-04
7.5100E-01   4.3227E-04
7.5200E-01   4.2766E-04
7.5300E-01   4.2310E-04
7.5400E-01   4.1859E-04
7.5500E-01   4.1413E-04
7.5600E-01   4.0971E-04
7.5700E-01   4.0534E-04
7.5800E-01   4.0102E-04
7.5900E-01   3.9675E-04
7.6000E-01   3.9252E-04
7.6100E-01   3.8833E-04
7.6200E-01   3.8419E-04
7.6300E-01   3.8009E-04
7.6400E-01   3.7604E-04
7.6500E-01   3.7203E-04
7.6600E-01   3.6807E-04
7.6700E-01   3.6414E-04
7.6800E-01   3.6026E-04
7.6900E-01   3.5642E-04
7.7000E-01   3.5262E-04
7.7100E-01   3.4886E-04
7.7200E-01   3.4514E-04
7.7300E-01   3.4146E-04
7.7400E-01   3.3782E-04
7.7500E-01   3.3422E-04
7.7600E-01   3.3065E-04
7.7700E-01   3.2713E-04
7.7800E-01   3.2364E-04
7.7900E-01   3.2019E-04
7.8000E-01   3.1678E-04
7.8100E-01   3.1340E-04
7.8200E-01   3.1006E-04
7.8300E-01   3.0675E-04
7.8400E-01   3.0348E-04
7.8500E-01   3.0025E-04
7.8600E-01   2.9704E-04
7.8700E-01   2.9388E-04
7.8800E-01   2.9074E-04
7.8900E-01   2.8764E-04
7.9000E-01   2.8458E-04
7.9100E-01   2.8154E-04
7.9200E-01   2.7854E-04
7.9300E-01   2.7557E-04
7.9400E-01   2.7263E-04
7.9500E-01   2.6973E-04
7.9600E-01   2.6685E-04
7.9700E-01   2.6401E-04
7.9800E-01   2.6119E-04
7.9900E-01   2.5841E-04
8.0000E-01   2.5565E-04
8.0100E-01   2.5293E-04
8.0200E-01   2.5023E-04
8.0300E-01   2.4756E-04
8.0400E-01   2.4492E-04
8.0500E-01   2.4231E-04
8.0600E-01   2.3973E-04
8.0700E-01   2.3717E-04
8.0800E-01   2.3464E-04
8.0900E-01   2.3214E-04
8.1000E-01   2.2967E-04
8.1100E-01   2.2722E-04
8.1200E-01   2.2479E-04
8.1300E-01   2.2240E-04
8.1400E-01   2.2003E-04
8.1500E-01   2.1768E-04
8.1600E-01   2.1536E-04
8.1700E-01   2.1306E-04
8.1800E-01   2.1079E-04
8.1900E-01   2.0855E-04
8.2000E-01   2.0632E-04
8.2100E-01   2.0412E-04
8.2200E-01   2.0195E-04
8.2300E-01   1.9979E-04
8.2400E-01   1.9766E-04
8.2500E-01   1.9556E-04
8.2600E-01   1.9347E-04
8.2700E-01   1.9141E-04
8.2800E-01   1.8937E-04
8.2900E-01   1.8735E-04
8.3000E-01   1.8535E-04
8.3100E-01   1.8337E-04
8.3200E-01   1.8142E-04
8.3300E-01   1.7948E-04
8.3400E-01   1.7757E-04
8.3500E-01   1.7568E-04
8.3600E-01   1.7380E-04
8.3700E-01   1.7195E-04
8.3800E-01   1.7012E-04
8.3900E-01   1.6830E-04
8.4000E-01   1.6651E-04
8.4100E-01   1.6473E-04
8.4200E-01   1.6298E-04
8.4300E-01   1.6124E-04
8.4400E-01   1.5952E-04
8.4500E-01   1.5782E-04
8.4600E-01   1.5614E-04
8.4700E-01   1.5447E-04
8.4800E-01   1.5283E-04
8.4900E-01   1.5120E-04
8.5000E-01   1.4959E-04
8.5100E-01   1.4799E-04
8.5200E-01   1.4641E-04
8.5300E-01   1.4485E-04
8.5400E-01   1.4331E-04
8.5500E-01   1.4178E-04
8.5600E-01   1.4027E-04
8.5700E-01   1.3877E-04
8.5800E-01   1.3729E-04
8.5900E-01   1.3583E-04
8.6000E-01   1.3438E-04
8.6100E-01   1.3295E-04
8.6200E-01   1.3153E-04
8.6300E-01   1.3013E-04
8.6400E-01   1.2874E-04
8.6500E-01   1.2737E-04
8.6600E-01   1.2601E-04
8.6700E-01   1.2467E-04
8.6800E-01   1.2334E-04
8.6900E-01   1.2202E-04
8.7000E-01   1.2072E-04
8.7100E-01   1.1943E-04
8.7200E-01   1.1816E-04
8.7300E-01   1.1690E-04
8.7400E-01   1.1565E-04
8.7500E-01   1.1442E-04
8.7600E-01   1.1320E-04
8.7700E-01   1.1199E-04
8.7800E-01   1.1080E-04
8.7900E-01   1.0962E-04
8.8000E-01   1.0845E-04
8.8100E-01   1.0729E-04
8.8200E-01   1.0615E-04
8.8300E-01   1.0502E-04
8.8400E-01   1.0390E-04
8.8500E-01   1.0279E-04
8.8600E-01   1.0170E-04
8.8700E-01   1.0061E-04
8.8800E-01   9.9539E-05
8.8900E-01   9.8477E-05
8.9000E-01   9.7427E-05
8.9100E-01   9.6389E-05
8.9200E-01   9.5361E-05
8.9300E-01   9.4344E-05
8.9400E-01   9.3338E-05
8.9500E-01   9.2343E-05
8.9600E-01   9.1359E-05
8.9700E-01   9.0385E-05
8.9800E-01   8.9421E-05
8.9900E-01   8.8468E-05
9.0000E-01   8.7524E-05
9.0100E-01   8.6591E-05
9.0200E-01   8.5668E-05
9.0300E-01   8.4755E-05
9.0400E-01   8.3851E-05
9.0500E-01   8.2957E-05
9.0600E-01   8.2072E-05
9.0700E-01   8.1197E-05
9.0800E-01   8.0332E-05
9.0900E-01   7.9475E-05
9.1000E-01   7.8628E-05
9.1100E-01   7.7790E-05
9.1200E-01   7.6960E-05
9.1300E-01   7.6140E-05
9.1400E-01   7.5328E-05
9.1500E-01   7.4525E-05
9.1600E-01   7.3730E-05
9.1700E-01   7.2944E-05
9.1800E-01   7.2166E-05
9.1900E-01   7.1397E-05
9.2000E-01   7.0636E-05
9.2100E-01   6.9883E-05
9.2200E-01   6.9138E-05
9.2300E-01   6.8400E-05
9.2400E-01   6.7671E-05
9.2500E-01   6.6950E-05
9.2600E-01   6.6236E-05
9.2700E-01   6.5530E-05
9.2800E-01   6.4831E-05
9.2900E-01   6.4140E-05
9.3000E-01   6.3456E-05
9.3100E-01   6.2779E-05
9.3200E-01   6.2110E-05
9.3300E-01   6.1448E-05
9.3400E-01   6.0793E-05
9.3500E-01   6.0145E-05
9.3600E-01   5.9503E-05
9.3700E-01   5.8869E-05
9.3800E-01   5.8241E-05
9.3900E-01   5.7620E-05
9.4000E-01   5.7006E-05
9.4100E-01   5.6398E-05
9.4200E-01   5.5797E-05
9.4300E-01   5.5202E-05
9.4400E-01   5.4613E-05
9.4500E-01   5.4031E-05
9.4600E-01   5.3455E-05
9.4700E-01   5.2885E-05
9.4800E-01   5.2321E-05
9.4900E-01   5.1764E-05
9.5000E-01   5.1212E-05
9.5100E-01   5.0666E-05
9.5200E-01   5.0125E-05
9.5300E-01   4.9591E-05
9.5400E-01   4.9062E-05
9.5500E-01   4.8539E-05
9.5600E-01   4.8022E-05
9.5700E-01   4.7510E-05
9.5800E-01   4.7003E-05
9.5900E-01   4.6502E-05
9.6000E-01   4.6006E-05
9.6100E-01   4.5516E-05
9.6200E-01   4.5030E-05
9.6300E-01   4.4550E-05
9.6400E-01   4.4075E-05
9.6500E-01   4.3605E-05
9.6600E-01   4.3141E-05
9.6700E-01   4.2681E-05
9.6800E-01   4.2226E-05
9.6900E-01   4.1775E-05
9.7000E-01   4.1330E-05
9.7100E-01   4.0889E-05
9.7200E-01   4.0453E-05
9.7300E-01   4.0022E-05
9.7400E-01   3.9595E-05
9.7500E-01   3.9173E-05
9.7600E-01   3.8756E-05
9.7700E-01   3.8342E-05
9.7800E-01   3.7934E-05
9.7900E-01   3.7529E-05
9.8000E-01   3.7129E-05
9.8100E-01   3.6733E-05
9.8200E-01   3.6341E-05
9.8300E-01   3.5954E-05
9.8400E-01   3.5571E-05
9.8500E-01   3.5191E-05
9.8600E-01   3.4816E-05
9.8700E-01   3.4445E-05
9.8800E-01   3.4078E-05
9.8900E-01   3.3714E-05
9.9000E-01   3.3355E-05
9.9100E-01   3.2999E-05
9.9200E-01   3.2648E-05
9.9300E-01   3.2299E-05
9.9400E-01   3.1955E-05
9.9500E-01   3.1614E-05
9.9600E-01   3.1277E-05
9.9700E-01   3.0944E-05
9.9800E-01   3.0614E-05
9.9900E-01   3.0288E-05
1.0000E+00   2.9965E-05
1.0010E+00   2.9645E-05
1.0020E+00   2.9329E-05
1.0030E+00   2.9016E-05
1.0040E+00   2.8707E-05
1.0050E+00   2.8401E-05
1.0060E+00   2.8098E-05
1.0070E+00   2.7799E-05
1.0080E+00   2.7502E-05
1.0090E+00   2.7209E-05
1.0100E+00   2.6919E-05
